~Version information
VERS.                 2.00: CWLS LOG ASCII STANDARD   VERSION 2.000000
WRAP.                   NO: One Line Per Depth Step
~Well information
# MNEM.UNIT  DATA TYPE      INFORMATION
# ==.=====================: ===================       
STRT.M       297.10       : START
STOP.M       1151.70      : STOP
STEP.M        0.20        : STEP
NULL.       -9999.00      : Null  values
COMP.        TATNEFT      : COMPANY
WELL.         6631        : WELL
FLD.          6631        : FIELD
LOC.                      : LOCATION
CNTY.                     : COUNTY
STAT.                     : STATE
CTRY.                     : COUNTRY
SRVC.     BUGR OAO TNGF   : SERVICE COMPANY
DATE.       1 11 2009     : DATE
TIME.         9 28 0       : DATE TIME
API.                      : API NUMBER
~Curve information
# MNEM.UNIT  API CODE       CURVE DESCRIPTION
# ====.===================:====================
DEPT.M                    : DEPTH
KS     .                  :   
~Parameter information block
#MNEM.UNIT	Value  Description
# ====.===================:====================
#==.======================:====================
~Other information
#-------------- REMARKS AREA ------------------
REDACT                                                                       
#==============================================
~A
297.1      0.02
297.3      0.02
297.5      0.02
297.7      0.03
297.9      0.03
298.1      0.02
298.3      0.02
298.5      0.02
298.7      0.03
298.9      0.03
299.1      0.03
299.3      0.03
299.5      0.03
299.7      0.03
299.9      0.03
300.1      0.03
300.3      0.03
300.5      0.03
300.7      0.03
300.9      0.03
301.1      0.03
301.3      0.03
301.5      0.03
301.7      0.03
301.9      0.03
302.1      0.03
302.3      0.03
302.5      0.03
302.7      0.03
302.9      0.03
303.1      0.03
303.3      0.03
303.5      0.03
303.7      0.03
303.9      0.03
304.1      0.03
304.3      0.03
304.5      0.03
304.7      0.03
304.9      0.03
305.1      0.03
305.3      0.03
305.5      0.03
305.7      0.03
305.9      0.03
306.1      0.03
306.3      0.03
306.5      0.03
306.7      0.03
306.9      0.03
307.1      0.03
307.3      0.03
307.5      0.03
307.7      0.03
307.9      0.04
308.1      0.04
308.3      0.04
308.5      0.04
308.7      0.04
308.9      0.04
309.1      0.04
309.3      0.04
309.5      0.04
309.7      0.04
309.9      0.04
310.1      0.04
310.3      0.04
310.5      0.04
310.7      0.04
310.9      0.04
311.1      0.04
311.3      0.04
311.5      0.04
311.7      0.03
311.9      0.03
312.1      0.03
312.3      0.03
312.5      0.26
312.7      8.08
312.9     23.42
313.1     36.71
313.3     48.65
313.5     54.58
313.7     60.13
313.9     65.09
314.1     68.24
314.3     71.69
314.5     75.31
314.7     76.91
314.9     78.88
315.1     81.81
315.3     83.46
315.5     85.69
315.7     86.93
315.9     86.93
316.1     87.70
316.3     88.46
316.5     88.74
316.7     89.37
316.9     91.32
317.1     95.24
317.3    100.01
317.5    104.36
317.7    107.96
317.9    109.09
318.1    108.99
318.3    112.59
318.5    120.00
318.7    126.89
318.9    134.54
319.1    141.55
319.3    143.90
319.5    145.67
319.7    147.93
319.9    149.47
320.1    152.22
320.3    154.16
320.5    154.51
320.7    155.14
320.9    153.69
321.1    150.38
321.3    145.67
321.5    142.63
321.7    141.48
321.9    138.88
322.1    136.27
322.3    134.44
322.5    134.67
322.7    134.03
322.9    135.09
323.1    137.62
323.3    140.80
323.5    144.63
323.7    148.82
323.9    158.28
324.1    173.54
324.3    188.98
324.5    207.67
324.7    225.22
324.9    239.70
325.1    257.12
325.3    278.87
325.5    297.48
325.7    313.66
325.9    326.50
326.1    337.27
326.3    344.93
326.5    352.33
326.7    359.50
326.9    363.61
327.1    368.37
327.3    371.55
327.5    372.10
327.7    370.04
327.9    366.82
328.1    364.09
328.3    361.87
328.5    359.55
328.7    355.87
328.9    352.26
329.1    350.03
329.3    347.73
329.5    348.00
329.7    349.32
329.9    349.07
330.1    348.41
330.3    351.97
330.5    362.21
330.7    373.08
330.9    384.13
331.1    395.14
331.3    404.95
331.5    418.27
331.7    433.06
331.9    446.02
332.1    456.65
332.3    463.47
332.5    465.72
332.7    464.15
332.9    460.43
333.1    453.37
333.3    444.26
333.5    436.82
333.7    428.44
333.9    419.52
334.1    411.21
334.3    401.53
334.5    392.77
334.7    386.06
334.9    381.18
335.1    377.28
335.3    374.99
335.5    373.72
335.7    374.33
335.9    381.88
336.1    391.02
336.3    399.44
336.5    405.24
336.7    410.73
336.9    417.43
337.1    426.61
337.3    439.44
337.5    453.62
337.7    466.75
337.9    476.28
338.1    484.30
338.3    491.07
338.5    495.61
338.7    498.11
338.9    500.17
339.1    500.98
339.3    499.84
339.5    497.48
339.7    493.20
339.9    487.24
340.1    480.76
340.3    473.29
340.5    462.48
340.7    448.64
340.9    434.32
341.1    421.11
341.3    407.89
341.5    396.55
341.7    388.04
341.9    376.68
342.1    364.90
342.3    356.09
342.5    350.07
342.7    347.45
342.9    345.67
343.1    343.61
343.3    342.28
343.5    343.17
343.7    344.88
343.9    346.81
344.1    348.60
344.3    350.78
344.5    352.53
344.7    352.09
344.9    348.40
345.1    341.09
345.3    330.67
345.5    320.57
345.7    312.71
345.9    303.48
346.1    296.80
346.3    289.89
346.5    282.15
346.7    275.71
346.9    270.31
347.1    267.20
347.3    264.98
347.5    261.89
347.7    260.09
347.9    256.93
348.1    251.24
348.3    245.65
348.5    241.90
348.7    235.83
348.9    227.73
349.1    219.75
349.3    211.81
349.5    203.62
349.7    194.70
349.9    186.21
350.1    177.75
350.3    168.05
350.5    160.74
350.7    154.93
350.9    151.51
351.1    149.78
351.3    148.57
351.5    147.30
351.7    144.98
351.9    141.61
352.1    139.50
352.3    139.34
352.5    139.04
352.7    139.00
352.9    139.81
353.1    141.30
353.3    143.02
353.5    142.88
353.7    141.22
353.9    141.16
354.1    141.97
354.3    141.99
354.5    142.26
354.7    142.78
354.9    142.61
355.1    140.70
355.3    138.28
355.5    135.19
355.7    131.70
355.9    129.75
356.1    128.73
356.3    127.34
356.5    125.25
356.7    123.72
356.9    123.44
357.1    123.00
357.3    123.38
357.5    125.22
357.7    126.00
357.9    125.10
358.1    126.17
358.3    127.75
358.5    129.03
358.7    130.61
358.9    131.11
359.1    131.73
359.3    133.06
359.5    134.57
359.7    136.34
359.9    136.81
360.1    134.01
360.3    129.08
360.5    126.03
360.7    125.33
360.9    124.37
361.1    123.58
361.3    120.96
361.5    114.57
361.7    107.97
361.9    105.46
362.1    104.51
362.3    101.65
362.5     97.85
362.7     97.27
362.9     99.63
363.1    102.44
363.3    103.88
363.5    106.50
363.7    109.52
363.9    111.49
364.1    113.76
364.3    116.70
364.5    120.66
364.7    125.61
364.9    131.40
365.1    137.74
365.3    144.29
365.5    149.55
365.7    151.73
365.9    152.11
366.1    150.44
366.3    146.73
366.5    142.83
366.7    137.50
366.9    132.54
367.1    127.07
367.3    122.59
367.5    121.15
367.7    119.72
367.9    117.25
368.1    115.59
368.3    115.35
368.5    116.24
368.7    116.57
368.9    117.96
369.1    122.87
369.3    130.69
369.5    136.88
369.7    140.91
369.9    143.68
370.1    148.46
370.3    154.83
370.5    158.97
370.7    160.35
370.9    159.66
371.1    159.05
371.3    157.28
371.5    156.32
371.7    155.62
371.9    154.22
372.1    153.59
372.3    153.90
372.5    154.28
372.7    154.82
372.9    153.77
373.1    151.01
373.3    145.01
373.5    134.39
373.7    122.54
373.9    105.84
374.1     93.87
374.3     86.68
374.5     80.18
374.7     73.09
374.9     68.44
375.1     67.05
375.3     66.16
375.5     66.18
375.7     67.17
375.9     68.87
376.1     75.21
376.3     79.65
376.5     81.30
376.7     84.34
376.9     88.11
377.1     91.55
377.3     94.73
377.5     98.85
377.7    103.57
377.9    107.71
378.1    106.58
378.3    100.03
378.5     93.96
378.7     89.30
378.9     82.86
379.1     72.84
379.3     64.93
379.5     62.34
379.7     61.55
379.9     61.33
380.1     61.67
380.3     62.47
380.5     64.02
380.7     65.51
380.9     67.13
381.1     71.82
381.3     78.91
381.5     83.87
381.7     88.33
381.9     92.90
382.1     96.19
382.3     99.94
382.5    104.37
382.7    107.60
382.9    109.24
383.1    107.80
383.3    104.58
383.5    102.79
383.7    103.03
383.9    103.57
384.1    103.72
384.3    104.43
384.5    106.97
384.7    109.74
384.9    112.06
385.1    112.93
385.3    113.14
385.5    111.82
385.7    107.06
385.9     98.05
386.1     86.84
386.3     81.60
386.5     80.19
386.7     79.09
386.9     78.65
387.1     79.92
387.3     82.46
387.5     83.89
387.7     86.06
387.9     88.26
388.1     88.97
388.3     89.67
388.5     90.64
388.7     91.79
388.9     94.10
389.1     96.70
389.3     99.24
389.5     98.04
389.7     92.89
389.9     86.66
390.1     83.19
390.3     79.59
390.5     75.71
390.7     72.09
390.9     70.71
391.1     71.83
391.3     70.73
391.5     72.64
391.7     77.83
391.9     80.25
392.1     80.55
392.3     82.38
392.5     81.32
392.7     78.91
392.9     78.84
393.1     78.29
393.3     75.72
393.5     70.57
393.7     67.25
393.9     65.51
394.1     64.39
394.3     64.94
394.5     66.07
394.7     67.48
394.9     68.02
395.1     67.36
395.3     65.43
395.5     63.69
395.7     62.60
395.9     61.88
396.1     61.50
396.3     61.24
396.5     61.47
396.7     62.08
396.9     62.63
397.1     62.83
397.3     62.74
397.5     63.10
397.7     64.47
397.9     67.14
398.1     73.11
398.3     79.03
398.5     83.08
398.7     85.29
398.9     86.71
399.1     87.61
399.3     88.14
399.5     89.09
399.7     90.75
399.9     91.68
400.1     90.77
400.3     88.67
400.5     89.39
400.7     92.83
400.9     95.91
401.1     98.86
401.3    101.62
401.5    101.96
401.7     99.12
401.9     95.98
402.1     95.63
402.3     95.25
402.5     94.38
402.7     94.15
402.9     94.54
403.1     95.06
403.3     93.79
403.5     92.26
403.7     94.89
403.9     98.41
404.1     99.94
404.3    102.02
404.5    102.66
404.7    101.90
404.9    102.42
405.1    102.77
405.3    102.08
405.5    101.66
405.7    103.47
405.9    103.65
406.1    102.18
406.3    100.20
406.5     98.70
406.7     97.18
406.9     96.61
407.1     97.37
407.3     98.26
407.5     98.32
407.7     98.78
407.9    100.49
408.1    101.10
408.3    102.44
408.5    104.05
408.7    104.49
408.9    102.81
409.1     99.27
409.3     97.37
409.5     97.44
409.7    100.22
409.9    106.59
410.1    113.08
410.3    118.06
410.5    118.83
410.7    116.75
410.9    114.70
411.1    113.23
411.3    112.40
411.5    113.17
411.7    116.63
411.9    123.64
412.1    133.26
412.3    141.62
412.5    150.43
412.7    159.70
412.9    164.31
413.1    167.18
413.3    172.72
413.5    177.33
413.7    182.89
413.9    189.49
414.1    192.37
414.3    190.02
414.5    181.81
414.7    170.53
414.9    153.37
415.1    137.74
415.3    124.78
415.5    111.29
415.7    105.16
415.9    104.18
416.1    104.31
416.3    105.05
416.5    107.01
416.7    109.83
416.9    114.43
417.1    124.23
417.3    137.50
417.5    155.07
417.7    176.62
417.9    194.58
418.1    210.01
418.3    225.83
418.5    238.27
418.7    247.33
418.9    252.58
419.1    254.95
419.3    254.86
419.5    251.58
419.7    243.27
419.9    231.41
420.1    219.35
420.3    202.55
420.5    180.17
420.7    161.71
420.9    146.95
421.1    137.09
421.3    134.64
421.5    135.83
421.7    137.27
421.9    140.81
422.1    144.99
422.3    148.55
422.5    150.89
422.7    154.22
422.9    157.84
423.1    159.57
423.3    162.30
423.5    168.65
423.7    177.60
423.9    188.10
424.1    199.42
424.3    210.97
424.5    226.01
424.7    238.63
424.9    247.69
425.1    256.81
425.3    262.54
425.5    262.91
425.7    258.60
425.9    250.12
426.1    239.39
426.3    226.52
426.5    213.86
426.7    195.51
426.9    170.15
427.1    149.66
427.3    130.57
427.5    114.78
427.7    105.58
427.9    100.63
428.1     98.75
428.3     97.24
428.5     93.82
428.7     90.93
428.9     93.69
429.1    100.83
429.3    111.96
429.5    130.11
429.7    149.15
429.9    167.86
430.1    185.68
430.3    203.77
430.5    218.15
430.7    228.83
430.9    237.40
431.1    241.53
431.3    240.32
431.5    234.66
431.7    225.20
431.9    210.40
432.1    190.90
432.3    168.78
432.5    143.32
432.7    124.42
432.9    116.29
433.1    112.25
433.3    110.62
433.5    109.79
433.7    109.05
433.9    109.18
434.1    110.35
434.3    111.88
434.5    115.13
434.7    121.68
434.9    128.91
435.1    135.57
435.3    140.65
435.5    145.28
435.7    149.12
435.9    152.14
436.1    153.41
436.3    155.30
436.5    162.72
436.7    171.38
436.9    180.03
437.1    186.96
437.3    191.88
437.5    196.09
437.7    199.65
437.9    202.30
438.1    203.03
438.3    202.26
438.5    199.81
438.7    195.31
438.9    192.27
439.1    192.08
439.3    192.93
439.5    196.54
439.7    201.41
439.9    205.56
440.1    209.47
440.3    211.57
440.5    210.94
440.7    210.42
440.9    211.68
441.1    213.68
441.3    214.42
441.5    212.65
441.7    208.42
441.9    203.76
442.1    199.40
442.3    194.33
442.5    191.43
442.7    189.31
442.9    187.78
443.1    186.03
443.3    181.81
443.5    175.11
443.7    166.11
443.9    158.33
444.1    150.27
444.3    144.76
444.5    144.40
444.7    149.05
444.9    155.50
445.1    164.39
445.3    173.95
445.5    181.10
445.7    185.97
445.9    186.91
446.1    185.10
446.3    182.32
446.5    181.19
446.7    180.92
446.9    180.49
447.1    179.25
447.3    177.57
447.5    178.46
447.7    179.44
447.9    179.80
448.1    183.11
448.3    185.34
448.5    186.41
448.7    189.17
448.9    191.94
449.1    194.29
449.3    201.86
449.5    218.83
449.7    236.12
449.9    253.52
450.1    269.59
450.3    283.38
450.5    298.35
450.7    309.13
450.9    320.55
451.1    334.73
451.3    344.41
451.5    349.89
451.7    355.13
451.9    360.52
452.1    364.70
452.3    366.26
452.5    363.52
452.7    356.95
452.9    349.58
453.1    342.86
453.3    335.73
453.5    326.34
453.7    316.82
453.9    309.32
454.1    301.13
454.3    294.25
454.5    289.38
454.7    283.55
454.9    275.49
455.1    265.78
455.3    256.91
455.5    250.10
455.7    243.02
455.9    237.75
456.1    234.87
456.3    232.77
456.5    232.08
456.7    231.40
456.9    231.34
457.1    232.78
457.3    237.14
457.5    242.72
457.7    247.46
457.9    247.33
458.1    242.26
458.3    234.07
458.5    222.49
458.7    209.91
458.9    196.07
459.1    183.59
459.3    173.97
459.5    166.92
459.7    161.58
459.9    154.67
460.1    149.94
460.3    147.85
460.5    147.12
460.7    147.41
460.9    148.98
461.1    152.26
461.3    157.54
461.5    168.49
461.7    180.74
461.9    189.54
462.1    200.90
462.3    214.32
462.5    229.09
462.7    245.36
462.9    257.79
463.1    266.00
463.3    271.04
463.5    271.62
463.7    272.38
463.9    274.98
464.1    276.09
464.3    273.96
464.5    267.78
464.7    257.12
464.9    246.55
465.1    238.46
465.3    228.76
465.5    218.70
465.7    211.41
465.9    206.94
466.1    198.90
466.3    187.85
466.5    181.03
466.7    178.38
466.9    174.87
467.1    170.79
467.3    168.57
467.5    168.21
467.7    170.16
467.9    173.63
468.1    178.45
468.3    182.23
468.5    182.94
468.7    179.85
468.9    174.94
469.1    167.06
469.3    161.85
469.5    162.25
469.7    162.40
469.9    161.46
470.1    159.46
470.3    152.84
470.5    140.44
470.7    123.33
470.9    108.73
471.1     98.01
471.3     87.72
471.5     79.21
471.7     70.64
471.9     65.13
472.1     62.40
472.3     61.67
472.5     62.58
472.7     63.87
472.9     66.17
473.1     71.44
473.3     80.45
473.5     88.85
473.7     95.93
473.9    101.63
474.1    107.39
474.3    112.81
474.5    118.79
474.7    126.12
474.9    132.46
475.1    137.06
475.3    140.54
475.5    140.63
475.7    139.06
475.9    140.37
476.1    140.09
476.3    134.76
476.5    126.63
476.7    121.95
476.9    118.34
477.1    114.34
477.3    110.27
477.5    106.13
477.7    100.92
477.9     93.72
478.1     86.23
478.3     78.52
478.5     70.26
478.7     63.91
478.9     61.26
479.1     59.57
479.3     60.24
479.5     63.94
479.7     68.94
479.9     77.36
480.1     85.58
480.3     90.65
480.5     95.64
480.7    100.29
480.9    100.85
481.1     95.13
481.3     91.70
481.5     91.52
481.7     90.49
481.9     89.28
482.1     87.52
482.3     86.40
482.5     86.08
482.7     86.08
482.9     88.17
483.1     92.60
483.3     97.45
483.5    100.25
483.7    101.06
483.9     97.92
484.1     89.89
484.3     78.83
484.5     70.33
484.7     65.64
484.9     63.65
485.1     63.95
485.3     69.06
485.5     76.73
485.7     81.16
485.9     84.21
486.1     84.39
486.3     81.00
486.5     78.75
486.7     77.45
486.9     75.14
487.1     71.13
487.3     69.28
487.5     69.14
487.7     68.50
487.9     68.05
488.1     68.06
488.3     67.47
488.5     66.49
488.7     68.44
488.9     74.39
489.1     80.63
489.3     86.11
489.5     91.52
489.7     98.44
489.9    105.44
490.1    111.89
490.3    120.21
490.5    125.35
490.7    125.80
490.9    124.19
491.1    122.96
491.3    120.03
491.5    116.08
491.7    113.42
491.9    112.01
492.1    113.05
492.3    114.48
492.5    115.53
492.7    115.02
492.9    113.85
493.1    111.04
493.3    108.62
493.5    109.18
493.7    111.65
493.9    115.40
494.1    123.48
494.3    133.52
494.5    144.94
494.7    154.23
494.9    161.89
495.1    165.74
495.3    169.04
495.5    170.56
495.7    167.40
495.9    159.78
496.1    146.95
496.3    132.45
496.5    121.61
496.7    112.05
496.9    100.17
497.1     90.16
497.3     85.45
497.5     83.50
497.7     82.53
497.9     83.52
498.1     84.82
498.3     85.36
498.5     85.68
498.7     85.74
498.9     84.47
499.1     79.11
499.3     67.39
499.5     59.16
499.7     54.89
499.9     52.47
500.1     51.45
500.3     52.03
500.5     53.47
500.7     56.26
500.9     60.22
501.1     64.82
501.3     75.58
501.5     92.44
501.7    107.65
501.9    120.79
502.1    127.83
502.3    132.21
502.5    133.90
502.7    134.32
502.9    134.25
503.1    132.48
503.3    129.51
503.5    125.23
503.7    121.59
503.9    117.85
504.1    112.30
504.3    105.75
504.5    101.92
504.7    100.16
504.9    101.81
505.1    106.58
505.3    112.83
505.5    120.65
505.7    123.74
505.9    125.02
506.1    128.56
506.3    132.14
506.5    139.02
506.7    149.47
506.9    157.56
507.1    161.54
507.3    162.83
507.5    161.04
507.7    155.45
507.9    148.19
508.1    142.16
508.3    134.51
508.5    123.35
508.7    111.67
508.9    100.93
509.1     89.85
509.3     78.90
509.5     71.32
509.7     66.99
509.9     65.62
510.1     67.97
510.3     74.94
510.5     80.90
510.7     84.39
510.9     88.00
511.1     91.48
511.3     93.69
511.5     95.34
511.7     98.68
511.9    103.54
512.1    108.80
512.3    111.88
512.5    111.45
512.7    109.02
512.9    106.10
513.1    103.74
513.3    102.08
513.5    100.90
513.7    100.03
513.9    100.07
514.1    100.48
514.3     99.26
514.5     97.54
514.7     95.08
514.9     92.99
515.1     90.60
515.3     87.80
515.5     84.72
515.7     81.94
515.9     79.71
516.1     73.58
516.3     62.97
516.5     55.60
516.7     49.36
516.9     45.71
517.1     42.19
517.3     41.39
517.5     43.81
517.7     46.85
517.9     53.89
518.1     67.07
518.3     80.74
518.5     87.01
518.7     89.38
518.9     89.95
519.1     90.35
519.3     90.26
519.5     88.94
519.7     87.45
519.9     85.70
520.1     82.55
520.3     78.81
520.5     73.89
520.7     68.80
520.9     66.88
521.1     65.07
521.3     63.41
521.5     63.67
521.7     65.07
521.9     66.03
522.1     66.49
522.3     67.87
522.5     73.82
522.7     81.64
522.9     89.68
523.1     97.58
523.3    105.94
523.5    113.28
523.7    118.73
523.9    123.11
524.1    127.29
524.3    127.86
524.5    124.69
524.7    117.52
524.9    105.32
525.1     97.72
525.3     93.98
525.5     88.87
525.7     85.14
525.9     83.39
526.1     81.48
526.3     80.03
526.5     79.79
526.7     79.21
526.9     77.59
527.1     75.33
527.3     74.76
527.5     72.83
527.7     69.79
527.9     69.89
528.1     68.57
528.3     63.82
528.5     58.40
528.7     55.69
528.9     53.15
529.1     50.64
529.3     48.52
529.5     47.53
529.7     47.10
529.9     47.27
530.1     48.74
530.3     51.37
530.5     53.26
530.7     54.94
530.9     56.40
531.1     55.84
531.3     56.40
531.5     58.45
531.7     60.91
531.9     62.66
532.1     62.92
532.3     62.69
532.5     63.57
532.7     65.17
532.9     66.49
533.1     67.54
533.3     68.05
533.5     70.30
533.7     74.81
533.9     76.96
534.1     78.83
534.3     79.41
534.5     77.68
534.7     73.74
534.9     68.65
535.1     66.85
535.3     66.99
535.5     70.18
535.7     75.02
535.9     77.14
536.1     78.68
536.3     78.58
536.5     79.29
536.7     80.33
536.9     79.54
537.1     84.00
537.3     87.95
537.5     86.52
537.7     82.19
537.9     77.49
538.1     75.96
538.3     77.15
538.5     78.63
538.7     80.13
538.9     82.22
539.1     83.10
539.3     81.05
539.5     75.55
539.7     68.16
539.9     62.22
540.1     58.57
540.3     57.93
540.5     57.91
540.7     60.52
540.9     62.84
541.1     61.40
541.3     56.70
541.5     52.59
541.7     50.11
541.9     47.90
542.1     47.20
542.3     46.44
542.5     46.07
542.7     45.56
542.9     45.58
543.1     46.15
543.3     46.40
543.5     46.29
543.7     45.33
543.9     44.27
544.1     44.95
544.3     47.12
544.5     50.54
544.7     53.64
544.9     57.74
545.1     64.08
545.3     67.52
545.5     67.43
545.7     66.52
545.9     65.16
546.1     62.89
546.3     58.80
546.5     54.87
546.7     51.97
546.9     49.06
547.1     48.57
547.3     48.49
547.5     46.91
547.7     46.00
547.9     46.19
548.1     48.84
548.3     54.23
548.5     61.08
548.7     69.70
548.9     79.01
549.1     85.10
549.3     84.47
549.5     77.42
549.7     72.72
549.9     68.83
550.1     66.23
550.3     66.19
550.5     67.55
550.7     69.78
550.9     71.06
551.1     69.90
551.3     69.58
551.5     68.63
551.7     65.98
551.9     61.56
552.1     57.78
552.3     56.18
552.5     56.63
552.7     58.94
552.9     62.21
553.1     63.86
553.3     61.19
553.5     56.06
553.7     50.55
553.9     46.86
554.1     44.85
554.3     41.75
554.5     38.14
554.7     35.33
554.9     32.87
555.1     30.96
555.3     29.18
555.5     28.77
555.7     29.74
555.9     32.88
556.1     37.47
556.3     40.36
556.5     41.80
556.7     41.36
556.9     39.77
557.1     39.44
557.3     40.24
557.5     43.38
557.7     47.12
557.9     48.24
558.1     46.94
558.3     44.08
558.5     42.67
558.7     43.25
558.9     42.94
559.1     41.94
559.3     39.76
559.5     38.11
559.7     39.26
559.9     40.93
560.1     43.68
560.3     49.56
560.5     58.80
560.7     67.24
560.9     73.74
561.1     74.76
561.3     73.46
561.5     66.79
561.7     64.59
561.9     67.44
562.1     70.04
562.3     74.20
562.5     75.76
562.7     74.70
562.9     72.26
563.1     68.66
563.3     65.69
563.5     63.81
563.7     63.12
563.9     63.17
564.1     65.08
564.3     68.39
564.5     72.93
564.7     74.76
564.9     74.18
565.1     72.08
565.3     68.81
565.5     69.19
565.7     70.78
565.9     72.18
566.1     70.38
566.3     65.67
566.5     59.76
566.7     52.68
566.9     46.17
567.1     42.03
567.3     39.48
567.5     39.03
567.7     39.62
567.9     41.66
568.1     43.95
568.3     47.03
568.5     52.64
568.7     56.47
568.9     59.60
569.1     62.14
569.3     63.40
569.5     64.15
569.7     64.79
569.9     65.29
570.1     65.62
570.3     65.80
570.5     66.10
570.7     66.07
570.9     65.52
571.1     64.95
571.3     65.07
571.5     66.50
571.7     70.16
571.9     76.65
572.1     83.05
572.3     90.97
572.5     99.05
572.7    106.25
572.9    110.97
573.1    117.44
573.3    126.06
573.5    135.35
573.7    144.22
573.9    150.36
574.1    154.15
574.3    155.41
574.5    151.67
574.7    143.18
574.9    130.72
575.1    115.29
575.3     97.00
575.5     76.22
575.7     60.41
575.9     54.57
576.1     51.94
576.3     50.76
576.5     51.88
576.7     54.83
576.9     60.18
577.1     63.79
577.3     63.30
577.5     62.58
577.7     63.52
577.9     63.24
578.1     62.35
578.3     61.08
578.5     61.15
578.7     61.92
578.9     63.66
579.1     66.19
579.3     67.66
579.5     65.85
579.7     62.30
579.9     59.94
580.1     60.38
580.3     63.13
580.5     71.69
580.7     81.02
580.9     84.65
581.1     86.98
581.3     89.28
581.5     89.20
581.7     83.25
581.9     69.13
582.1     57.99
582.3     52.93
582.5     49.44
582.7     48.88
582.9     50.20
583.1     51.91
583.3     55.43
583.5     58.56
583.7     61.93
583.9     64.65
584.1     67.84
584.3     74.12
584.5     77.67
584.7     80.28
584.9     84.84
585.1     90.45
585.3     97.23
585.5    104.21
585.7    109.33
585.9    114.12
586.1    117.67
586.3    120.03
586.5    120.37
586.7    117.55
586.9    108.52
587.1     96.46
587.3     83.52
587.5     68.32
587.7     58.08
587.9     53.16
588.1     51.55
588.3     50.70
588.5     50.08
588.7     49.39
588.9     50.08
589.1     51.94
589.3     53.58
589.5     54.53
589.7     53.53
589.9     49.44
590.1     43.42
590.3     40.22
590.5     38.86
590.7     40.15
590.9     40.45
591.1     39.01
591.3     39.79
591.5     40.75
591.7     43.18
591.9     47.15
592.1     48.51
592.3     48.30
592.5     46.96
592.7     47.00
592.9     48.97
593.1     52.41
593.3     56.04
593.5     58.83
593.7     58.21
593.9     50.54
594.1     40.44
594.3     29.69
594.5     22.94
594.7     19.93
594.9     19.12
595.1     19.54
595.3     20.25
595.5     21.71
595.7     23.91
595.9     23.86
596.1     21.42
596.3     18.59
596.5     17.07
596.7     16.06
596.9     16.52
597.1     18.58
597.3     20.64
597.5     22.37
597.7     25.00
597.9     27.55
598.1     29.23
598.3     29.79
598.5     29.91
598.7     29.78
598.9     29.88
599.1     32.12
599.3     35.88
599.5     39.82
599.7     44.18
599.9     46.59
600.1     46.06
600.3     44.18
600.5     42.74
600.7     42.22
600.9     42.63
601.1     44.13
601.3     47.88
601.5     53.35
601.7     57.50
601.9     61.58
602.1     67.26
602.3     72.16
602.5     71.19
602.7     65.27
602.9     56.04
603.1     47.22
603.3     41.71
603.5     38.28
603.7     35.80
603.9     34.12
604.1     32.39
604.3     30.71
604.5     28.30
604.7     24.89
604.9     22.71
605.1     22.39
605.3     24.35
605.5     26.99
605.7     32.36
605.9     40.38
606.1     42.77
606.3     38.08
606.5     32.17
606.7     28.11
606.9     25.45
607.1     24.33
607.3     24.86
607.5     26.85
607.7     29.35
607.9     30.80
608.1     31.93
608.3     33.12
608.5     33.43
608.7     33.19
608.9     33.23
609.1     32.88
609.3     31.92
609.5     29.62
609.7     27.22
609.9     25.74
610.1     25.67
610.3     24.92
610.5     23.16
610.7     23.01
610.9     22.73
611.1     23.20
611.3     25.83
611.5     28.16
611.7     29.09
611.9     28.56
612.1     27.03
612.3     24.94
612.5     23.43
612.7     22.26
612.9     23.54
613.1     26.51
613.3     30.23
613.5     37.02
613.7     46.33
613.9     55.74
614.1     63.49
614.3     69.24
614.5     72.79
614.7     69.60
614.9     63.31
615.1     55.53
615.3     47.66
615.5     41.04
615.7     35.98
615.9     31.59
616.1     26.92
616.3     24.14
616.5     22.32
616.7     20.56
616.9     21.27
617.1     25.84
617.3     32.12
617.5     38.53
617.7     40.82
617.9     40.02
618.1     38.58
618.3     38.10
618.5     38.14
618.7     36.51
618.9     33.14
619.1     30.10
619.3     26.87
619.5     24.31
619.7     23.68
619.9     24.16
620.1     25.10
620.3     26.33
620.5     26.96
620.7     28.43
620.9     30.92
621.1     31.41
621.3     28.97
621.5     26.20
621.7     24.02
621.9     21.52
622.1     20.31
622.3     19.14
622.5     17.08
622.7     16.07
622.9     16.32
623.1     17.25
623.3     18.56
623.5     19.26
623.7     19.86
623.9     20.43
624.1     19.52
624.3     17.25
624.5     17.04
624.7     18.59
624.9     21.42
625.1     26.19
625.3     35.02
625.5     43.35
625.7     50.51
625.9     58.38
626.1     63.57
626.3     68.24
626.5     74.30
626.7     79.18
626.9     83.23
627.1     88.24
627.3     93.49
627.5     97.59
627.7    100.37
627.9     99.49
628.1     92.84
628.3     80.93
628.5     64.24
628.7     50.74
628.9     42.38
629.1     37.97
629.3     37.13
629.5     36.61
629.7     35.12
629.9     34.87
630.1     35.72
630.3     37.78
630.5     40.40
630.7     40.11
630.9     38.94
631.1     37.56
631.3     34.27
631.5     31.00
631.7     28.49
631.9     26.31
632.1     23.59
632.3     19.75
632.5     15.82
632.7     13.67
632.9     14.31
633.1     16.06
633.3     18.01
633.5     20.35
633.7     20.92
633.9     19.40
634.1     17.51
634.3     16.33
634.5     15.97
634.7     15.45
634.9     14.92
635.1     14.62
635.3     14.81
635.5     14.66
635.7     14.66
635.9     14.70
636.1     14.00
636.3     13.56
636.5     13.76
636.7     14.67
636.9     16.34
637.1     18.59
637.3     21.13
637.5     24.71
637.7     29.40
637.9     33.61
638.1     37.37
638.3     41.03
638.5     45.00
638.7     49.85
638.9     54.90
639.1     60.20
639.3     66.48
639.5     75.15
639.7     82.24
639.9     85.94
640.1     84.31
640.3     76.80
640.5     64.58
640.7     51.70
640.9     42.40
641.1     36.94
641.3     34.31
641.5     32.31
641.7     32.51
641.9     34.09
642.1     33.84
642.3     32.96
642.5     32.64
642.7     33.00
642.9     34.48
643.1     35.73
643.3     34.75
643.5     33.15
643.7     31.63
643.9     30.07
644.1     27.85
644.3     24.34
644.5     21.32
644.7     19.97
644.9     20.18
645.1     21.50
645.3     22.95
645.5     23.60
645.7     24.53
645.9     25.64
646.1     26.82
646.3     28.12
646.5     31.25
646.7     35.75
646.9     40.58
647.1     42.64
647.3     41.12
647.5     37.06
647.7     31.84
647.9     26.68
648.1     24.45
648.3     24.45
648.5     27.04
648.7     31.19
648.9     34.56
649.1     36.42
649.3     37.16
649.5     37.77
649.7     35.99
649.9     32.88
650.1     31.85
650.3     30.02
650.5     30.92
650.7     32.15
650.9     31.83
651.1     31.05
651.3     30.36
651.5     30.40
651.7     31.46
651.9     33.13
652.1     34.50
652.3     35.26
652.5     35.98
652.7     37.13
652.9     38.72
653.1     40.40
653.3     41.21
653.5     42.11
653.7     42.47
653.9     39.75
654.1     36.81
654.3     34.58
654.5     32.18
654.7     30.63
654.9     28.95
655.1     30.00
655.3     33.34
655.5     34.02
655.7     32.88
655.9     31.84
656.1     29.88
656.3     26.80
656.5     23.75
656.7     21.44
656.9     19.29
657.1     18.23
657.3     18.08
657.5     18.51
657.7     18.32
657.9     18.09
658.1     18.54
658.3     19.93
658.5     22.19
658.7     25.52
658.9     29.09
659.1     34.02
659.3     40.35
659.5     47.47
659.7     56.53
659.9     65.38
660.1     71.26
660.3     76.47
660.5     77.38
660.7     74.12
660.9     69.16
661.1     64.64
661.3     59.75
661.5     52.52
661.7     41.65
661.9     34.57
662.1     31.22
662.3     28.31
662.5     27.07
662.7     26.55
662.9     25.03
663.1     23.57
663.3     22.54
663.5     22.21
663.7     22.34
663.9     23.01
664.1     25.06
664.3     28.10
664.5     32.82
664.7     36.98
664.9     38.51
665.1     38.13
665.3     38.28
665.5     39.61
665.7     41.44
665.9     41.23
666.1     36.50
666.3     30.50
666.5     27.94
666.7     26.55
666.9     26.27
667.1     28.38
667.3     32.25
667.5     37.95
667.7     45.50
667.9     49.79
668.1     50.24
668.3     47.56
668.5     43.89
668.7     41.26
668.9     37.87
669.1     32.68
669.3     27.39
669.5     23.49
669.7     21.45
669.9     20.98
670.1     22.69
670.3     25.93
670.5     28.68
670.7     29.69
670.9     29.53
671.1     29.10
671.3     30.65
671.5     34.61
671.7     40.51
671.9     49.84
672.1     57.81
672.3     62.60
672.5     64.92
672.7     63.64
672.9     60.67
673.1     56.03
673.3     50.63
673.5     44.77
673.7     39.54
673.9     37.25
674.1     34.00
674.3     28.69
674.5     22.66
674.7     18.53
674.9     15.87
675.1     13.21
675.3     12.49
675.5     12.90
675.7     13.22
675.9     13.32
676.1     13.70
676.3     14.59
676.5     15.65
676.7     16.48
676.9     17.37
677.1     18.82
677.3     20.11
677.5     20.87
677.7     21.96
677.9     23.39
678.1     24.66
678.3     25.46
678.5     25.74
678.7     24.42
678.9     22.29
679.1     22.02
679.3     23.78
679.5     27.40
679.7     29.70
679.9     29.91
680.1     31.39
680.3     33.43
680.5     33.54
680.7     32.25
680.9     30.14
681.1     27.15
681.3     24.08
681.5     22.44
681.7     22.07
681.9     23.34
682.1     26.38
682.3     32.17
682.5     38.03
682.7     38.78
682.9     34.42
683.1     30.51
683.3     30.58
683.5     31.73
683.7     34.62
683.9     37.73
684.1     38.61
684.3     37.94
684.5     37.18
684.7     35.89
684.9     33.76
685.1     30.20
685.3     28.18
685.5     27.38
685.7     27.33
685.9     27.17
686.1     25.72
686.3     24.74
686.5     25.02
686.7     27.58
686.9     32.28
687.1     34.34
687.3     34.59
687.5     34.68
687.7     35.58
687.9     38.02
688.1     40.91
688.3     44.25
688.5     46.20
688.7     46.46
688.9     45.50
689.1     43.37
689.3     40.92
689.5     38.49
689.7     34.13
689.9     30.28
690.1     29.04
690.3     29.50
690.5     31.09
690.7     32.52
690.9     32.03
691.1     29.84
691.3     25.74
691.5     21.35
691.7     17.20
691.9     13.97
692.1     12.20
692.3     10.50
692.5      9.33
692.7      8.87
692.9      8.76
693.1      8.88
693.3      8.97
693.5      9.17
693.7      9.55
693.9     10.39
694.1     11.69
694.3     13.16
694.5     14.78
694.7     16.75
694.9     18.77
695.1     21.15
695.3     23.63
695.5     24.92
695.7     25.92
695.9     28.60
696.1     32.68
696.3     37.13
696.5     39.97
696.7     40.70
696.9     37.48
697.1     31.95
697.3     25.70
697.5     19.32
697.7     15.50
697.9     13.13
698.1     11.66
698.3     11.78
698.5     13.34
698.7     15.24
698.9     17.66
699.1     20.89
699.3     25.12
699.5     29.53
699.7     32.19
699.9     35.65
700.1     38.37
700.3     38.70
700.5     38.99
700.7     39.42
700.9     39.93
701.1     41.28
701.3     43.36
701.5     45.19
701.7     47.30
701.9     48.40
702.1     52.49
702.3     58.72
702.5     64.07
702.7     64.10
702.9     58.44
703.1     49.76
703.3     40.46
703.5     32.88
703.7     27.21
703.9     21.82
704.1     17.97
704.3     15.74
704.5     14.16
704.7     12.76
704.9     12.40
705.1     12.33
705.3     12.82
705.5     14.05
705.7     15.40
705.9     17.13
706.1     19.64
706.3     22.19
706.5     25.57
706.7     28.88
706.9     30.12
707.1     26.39
707.3     21.40
707.5     17.90
707.7     16.78
707.9     16.70
708.1     18.16
708.3     20.31
708.5     21.67
708.7     22.30
708.9     21.57
709.1     20.13
709.3     18.60
709.5     16.95
709.7     15.34
709.9     13.33
710.1     11.66
710.3     10.43
710.5      9.40
710.7      8.41
710.9      7.61
711.1      7.67
711.3      9.09
711.5     11.45
711.7     14.24
711.9     17.39
712.1     20.25
712.3     21.30
712.5     21.66
712.7     20.96
712.9     20.03
713.1     20.23
713.3     21.41
713.5     23.38
713.7     26.23
713.9     28.95
714.1     33.27
714.3     38.70
714.5     41.32
714.7     41.17
714.9     40.30
715.1     38.31
715.3     35.17
715.5     31.05
715.7     26.05
715.9     22.85
716.1     20.50
716.3     18.68
716.5     17.01
716.7     15.42
716.9     14.77
717.1     15.00
717.3     15.15
717.5     15.31
717.7     16.00
717.9     17.12
718.1     19.10
718.3     22.34
718.5     26.76
718.7     31.05
718.9     34.58
719.1     33.30
719.3     25.05
719.5     18.57
719.7     15.43
719.9     12.72
720.1     10.22
720.3      8.69
720.5      7.75
720.7      7.74
720.9      9.05
721.1     11.61
721.3     14.66
721.5     16.33
721.7     16.31
721.9     15.49
722.1     15.82
722.3     16.85
722.5     16.69
722.7     12.96
722.9      9.49
723.1      7.85
723.3      7.62
723.5      7.74
723.7      8.25
723.9     10.47
724.1     16.60
724.3     26.19
724.5     34.11
724.7     35.21
724.9     32.66
725.1     29.53
725.3     27.06
725.5     25.99
725.7     26.49
725.9     27.67
726.1     28.49
726.3     29.39
726.5     28.73
726.7     26.20
726.9     23.65
727.1     21.13
727.3     19.22
727.5     17.69
727.7     16.51
727.9     15.41
728.1     14.50
728.3     14.01
728.5     13.87
728.7     14.24
728.9     14.72
729.1     15.51
729.3     16.34
729.5     17.13
729.7     17.44
729.9     16.70
730.1     15.07
730.3     13.39
730.5     12.61
730.7     13.42
730.9     15.61
731.1     18.06
731.3     21.01
731.5     26.96
731.7     31.03
731.9     31.02
732.1     27.30
732.3     23.14
732.5     20.17
732.7     18.22
732.9     17.22
733.1     16.63
733.3     17.32
733.5     18.45
733.7     19.87
733.9     20.96
734.1     21.78
734.3     22.75
734.5     22.21
734.7     18.78
734.9     14.97
735.1     13.66
735.3     14.03
735.5     14.92
735.7     15.19
735.9     15.38
736.1     16.27
736.3     17.93
736.5     21.01
736.7     25.32
736.9     28.56
737.1     29.98
737.3     29.69
737.5     28.76
737.7     27.95
737.9     26.38
738.1     22.08
738.3     19.88
738.5     19.39
738.7     18.29
738.9     18.82
739.1     21.35
739.3     22.84
739.5     21.76
739.7     20.06
739.9     18.84
740.1     17.15
740.3     14.26
740.5     10.94
740.7      9.55
740.9      9.37
741.1      9.90
741.3     10.58
741.5     11.10
741.7     11.38
741.9     10.66
742.1      9.34
742.3      8.57
742.5      8.52
742.7      9.88
742.9     12.14
743.1     14.77
743.3     17.99
743.5     20.35
743.7     23.30
743.9     26.64
744.1     28.17
744.3     26.91
744.5     23.89
744.7     21.20
744.9     19.49
745.1     18.81
745.3     18.81
745.5     18.64
745.7     19.79
745.9     22.75
746.1     27.18
746.3     32.98
746.5     34.20
746.7     29.03
746.9     23.56
747.1     20.60
747.3     18.88
747.5     18.21
747.7     18.11
747.9     18.42
748.1     18.37
748.3     18.09
748.5     18.37
748.7     18.01
748.9     18.06
749.1     18.56
749.3     18.71
749.5     18.40
749.7     17.87
749.9     16.16
750.1     13.91
750.3     13.75
750.5     16.03
750.7     17.83
750.9     14.04
751.1     10.02
751.3      9.83
751.5     11.04
751.7     11.74
751.9     11.77
752.1     11.64
752.3     10.79
752.5      9.12
752.7      8.37
752.9      8.26
753.1      8.35
753.3      8.39
753.5      8.37
753.7      9.02
753.9      9.58
754.1     10.62
754.3     12.80
754.5     14.09
754.7     14.65
754.9     16.85
755.1     19.69
755.3     25.94
755.5     35.57
755.7     44.72
755.9     45.72
756.1     40.35
756.3     33.50
756.5     27.45
756.7     22.48
756.9     20.50
757.1     19.72
757.3     20.89
757.5     23.53
757.7     30.44
757.9     40.33
758.1     51.35
758.3     61.30
758.5     64.14
758.7     66.63
758.9     68.20
759.1     70.82
759.3     73.79
759.5     73.29
759.7     71.39
759.9     69.12
760.1     65.82
760.3     60.28
760.5     53.30
760.7     45.32
760.9     37.44
761.1     31.88
761.3     28.12
761.5     26.08
761.7     25.12
761.9     24.93
762.1     26.15
762.3     28.24
762.5     29.41
762.7     30.18
762.9     27.82
763.1     20.10
763.3     14.05
763.5      9.08
763.7      6.49
763.9      6.19
764.1      6.27
764.3      7.07
764.5      8.38
764.7      9.57
764.9     10.30
765.1     11.21
765.3     11.87
765.5     12.27
765.7     12.79
765.9     13.05
766.1     13.15
766.3     13.24
766.5     13.25
766.7     13.79
766.9     15.55
767.1     18.52
767.3     21.70
767.5     24.66
767.7     27.54
767.9     30.84
768.1     34.13
768.3     35.78
768.5     36.23
768.7     37.59
768.9     41.57
769.1     47.58
769.3     55.07
769.5     62.49
769.7     69.46
769.9     74.39
770.1     73.86
770.3     67.52
770.5     59.47
770.7     59.95
770.9     62.91
771.1     65.36
771.3     67.49
771.5     71.71
771.7     77.03
771.9     79.21
772.1     78.75
772.3     70.88
772.5     57.35
772.7     45.32
772.9     36.05
773.1     27.80
773.3     22.91
773.5     20.22
773.7     18.64
773.9     18.07
774.1     18.18
774.3     18.53
774.5     19.10
774.7     19.62
774.9     18.88
775.1     15.10
775.3     10.77
775.5      8.08
775.7      7.61
775.9      9.38
776.1     12.97
776.3     15.54
776.5     15.37
776.7     14.87
776.9     14.64
777.1     14.56
777.3     14.74
777.5     15.00
777.7     15.61
777.9     17.23
778.1     20.28
778.3     25.19
778.5     30.08
778.7     32.49
778.9     31.87
779.1     30.37
779.3     28.66
779.5     28.10
779.7     29.05
779.9     31.21
780.1     34.18
780.3     37.55
780.5     42.57
780.7     46.98
780.9     48.80
781.1     46.16
781.3     42.67
781.5     42.37
781.7     43.20
781.9     43.83
782.1     42.14
782.3     36.23
782.5     27.03
782.7     23.45
782.9     27.36
783.1     31.18
783.3     30.45
783.5     27.29
783.7     25.61
783.9     25.67
784.1     25.08
784.3     22.68
784.5     19.49
784.7     16.51
784.9     12.79
785.1      9.51
785.3      7.63
785.5      7.15
785.7      7.35
785.9      8.61
786.1     10.02
786.3     11.77
786.5     15.21
786.7     21.12
786.9     29.78
787.1     39.46
787.3     46.83
787.5     51.27
787.7     53.79
787.9     55.23
788.1     54.61
788.3     49.07
788.5     40.33
788.7     34.44
788.9     31.23
789.1     30.58
789.3     29.83
789.5     28.59
789.7     26.72
789.9     25.28
790.1     24.64
790.3     24.98
790.5     25.72
790.7     26.38
790.9     25.93
791.1     24.47
791.3     22.93
791.5     21.55
791.7     20.57
791.9     20.25
792.1     20.71
792.3     21.76
792.5     23.56
792.7     24.45
792.9     22.19
793.1     16.82
793.3     12.30
793.5      8.95
793.7      7.13
793.9      5.70
794.1      5.28
794.3      5.72
794.5      7.39
794.7     11.09
794.9     16.44
795.1     17.24
795.3     15.14
795.5     12.56
795.7      9.93
795.9      8.02
796.1      6.69
796.3      5.54
796.5      4.87
796.7      4.98
796.9      6.64
797.1      9.53
797.3     12.42
797.5     15.56
797.7     17.18
797.9     18.59
798.1     20.10
798.3     23.27
798.5     29.01
798.7     37.72
798.9     48.62
799.1     56.08
799.3     59.59
799.5     62.29
799.7     65.26
799.9     63.04
800.1     56.17
800.3     46.06
800.5     37.57
800.7     33.54
800.9     32.07
801.1     34.33
801.3     38.94
801.5     41.34
801.7     41.63
801.9     40.63
802.1     38.18
802.3     34.51
802.5     30.89
802.7     28.40
802.9     27.55
803.1     27.46
803.3     28.45
803.5     27.93
803.7     26.87
803.9     28.53
804.1     30.77
804.3     33.44
804.5     36.49
804.7     38.84
804.9     39.20
805.1     37.43
805.3     35.13
805.5     32.40
805.7     29.11
805.9     24.04
806.1     18.64
806.3     13.89
806.5     11.03
806.7     10.38
806.9     11.14
807.1     11.39
807.3     11.13
807.5     11.97
807.7     12.72
807.9     13.16
808.1     12.40
808.3     10.57
808.5      8.70
808.7      7.41
808.9      7.08
809.1      8.10
809.3     10.44
809.5     13.72
809.7     20.53
809.9     29.96
810.1     33.19
810.3     34.94
810.5     40.16
810.7     45.55
810.9     52.80
811.1     59.05
811.3     60.15
811.5     59.83
811.7     56.51
811.9     50.31
812.1     43.75
812.3     34.96
812.5     29.86
812.7     26.58
812.9     25.67
813.1     26.43
813.3     26.86
813.5     29.89
813.7     33.75
813.9     36.65
814.1     39.41
814.3     43.54
814.5     57.36
814.7     77.19
814.9     91.82
815.1     99.49
815.3    101.08
815.5     96.92
815.7     87.15
815.9     72.77
816.1     59.35
816.3     51.49
816.5     46.81
816.7     44.40
816.9     44.20
817.1     45.13
817.3     44.37
817.5     44.09
817.7     41.15
817.9     34.71
818.1     28.89
818.3     23.70
818.5     19.46
818.7     16.53
818.9     15.03
819.1     13.75
819.3     13.61
819.5     14.65
819.7     15.87
819.9     17.52
820.1     18.49
820.3     15.31
820.5     12.35
820.7     10.74
820.9      9.71
821.1      9.82
821.3     11.08
821.5     12.82
821.7     14.15
821.9     14.71
822.1     16.03
822.3     19.70
822.5     25.44
822.7     28.85
822.9     30.48
823.1     30.86
823.3     31.41
823.5     33.67
823.7     34.64
823.9     33.82
824.1     30.69
824.3     27.70
824.5     24.82
824.7     21.67
824.9     20.41
825.1     20.23
825.3     19.45
825.5     18.38
825.7     18.75
825.9     20.95
826.1     26.23
826.3     32.85
826.5     39.24
826.7     41.60
826.9     45.81
827.1     56.79
827.3     68.91
827.5     74.82
827.7     72.66
827.9     63.64
828.1     51.47
828.3     39.63
828.5     31.64
828.7     26.60
828.9     23.50
829.1     22.41
829.3     20.87
829.5     19.66
829.7     19.20
829.9     18.97
830.1     19.17
830.3     18.69
830.5     16.38
830.7     13.76
830.9     13.27
831.1     13.50
831.3     12.02
831.5     11.63
831.7     12.78
831.9     13.25
832.1     12.49
832.3     10.81
832.5     10.12
832.7     10.32
832.9      9.90
833.1      9.43
833.3      9.08
833.5      9.00
833.7      9.64
833.9     10.32
834.1     10.22
834.3     10.22
834.5     10.60
834.7      9.98
834.9     10.67
835.1     11.66
835.3     11.18
835.5     11.56
835.7     12.89
835.9     12.77
836.1     13.98
836.3     18.43
836.5     25.86
836.7     33.70
836.9     35.01
837.1     28.13
837.3     21.51
837.5     19.51
837.7     18.97
837.9     21.33
838.1     23.26
838.3     22.24
838.5     19.32
838.7     16.26
838.9     15.77
839.1     17.07
839.3     17.99
839.5     18.14
839.7     18.26
839.9     17.87
840.1     16.87
840.3     17.51
840.5     18.86
840.7     18.38
840.9     17.04
841.1     16.78
841.3     17.54
841.5     19.98
841.7     23.35
841.9     29.01
842.1     33.75
842.3     37.09
842.5     39.87
842.7     42.72
842.9     45.34
843.1     45.44
843.3     44.58
843.5     46.28
843.7     47.47
843.9     48.53
844.1     47.00
844.3     44.30
844.5     40.13
844.7     35.23
844.9     31.33
845.1     28.60
845.3     26.29
845.5     23.97
845.7     20.82
845.9     17.65
846.1     14.05
846.3     12.27
846.5     11.02
846.7      8.69
846.9      8.27
847.1     10.60
847.3     12.30
847.5     14.16
847.7     19.04
847.9     21.80
848.1     21.65
848.3     23.56
848.5     27.26
848.7     32.69
848.9     40.58
849.1     41.24
849.3     34.05
849.5     28.85
849.7     23.64
849.9     20.41
850.1     17.65
850.3     15.24
850.5     13.28
850.7     11.96
850.9     11.49
851.1     11.16
851.3     10.77
851.5     10.23
851.7     10.26
851.9     10.70
852.1     10.55
852.3     10.71
852.5     12.30
852.7     14.17
852.9     16.31
853.1     19.38
853.3     22.78
853.5     25.79
853.7     29.62
853.9     35.14
854.1     42.15
854.3     54.86
854.5     70.13
854.7     77.12
854.9     80.80
855.1     84.91
855.3     90.02
855.5     94.19
855.7     97.49
855.9     99.35
856.1     97.55
856.3     93.66
856.5     87.78
856.7     80.34
856.9     72.48
857.1     63.19
857.3     49.66
857.5     37.36
857.7     26.79
857.9     19.51
858.1     16.95
858.3     15.45
858.5     12.93
858.7     11.48
858.9     13.30
859.1     16.94
859.3     21.39
859.5     32.75
859.7     47.00
859.9     55.71
860.1     62.73
860.3     69.78
860.5     73.71
860.7     71.83
860.9     64.10
861.1     50.75
861.3     40.11
861.5     30.68
861.7     24.11
861.9     24.23
862.1     26.63
862.3     31.91
862.5     36.96
862.7     41.88
862.9     46.78
863.1     51.76
863.3     56.28
863.5     54.31
863.7     51.94
863.9     52.59
864.1     57.12
864.3     65.10
864.5     76.94
864.7     84.59
864.9     87.48
865.1     87.09
865.3     84.68
865.5     81.54
865.7     78.40
865.9     78.34
866.1     80.24
866.3     81.83
866.5     82.04
866.7     82.96
866.9     86.39
867.1     90.10
867.3     92.78
867.5     96.42
867.7    100.94
867.9    108.22
868.1    117.44
868.3    121.79
868.5    122.53
868.7    119.76
868.9    115.74
869.1    108.45
869.3     97.37
869.5     85.66
869.7     77.47
869.9     71.15
870.1     67.50
870.3     64.24
870.5     60.54
870.7     59.75
870.9     60.58
871.1     63.01
871.3     65.77
871.5     67.46
871.7     68.73
871.9     73.36
872.1     83.59
872.3     91.07
872.5     95.01
872.7     95.97
872.9     94.21
873.1     90.78
873.3     91.26
873.5     95.32
873.7    102.74
873.9    112.14
874.1    119.45
874.3    125.12
874.5    130.29
874.7    136.54
874.9    144.03
875.1    147.38
875.3    149.79
875.5    150.79
875.7    150.90
875.9    152.65
876.1    155.64
876.3    156.59
876.5    154.34
876.7    149.54
876.9    141.60
877.1    132.66
877.3    125.42
877.5    116.85
877.7    112.33
877.9    113.46
878.1    114.23
878.3    117.67
878.5    122.87
878.7    128.81
878.9    134.10
879.1    137.81
879.3    139.66
879.5    140.47
879.7    141.94
879.9    142.71
880.1    141.30
880.3    139.44
880.5    139.23
880.7    137.80
880.9    136.63
881.1    137.15
881.3    137.72
881.5    139.40
881.7    143.18
881.9    148.08
882.1    151.26
882.3    152.20
882.5    153.05
882.7    155.76
882.9    157.19
883.1    156.36
883.3    153.52
883.5    148.50
883.7    141.64
883.9    133.70
884.1    125.43
884.3    117.50
884.5    112.85
884.7    111.85
884.9    113.41
885.1    120.85
885.3    131.83
885.5    144.40
885.7    158.96
885.9    174.99
886.1    192.48
886.3    207.76
886.5    219.30
886.7    229.09
886.9    236.95
887.1    241.77
887.3    245.15
887.5    247.26
887.7    247.59
887.9    245.80
888.1    242.11
888.3    236.85
888.5    230.39
888.7    220.73
888.9    208.18
889.1    196.42
889.3    188.49
889.5    182.91
889.7    178.29
889.9    176.44
890.1    175.02
890.3    173.36
890.5    172.05
890.7    172.75
890.9    175.54
891.1    177.08
891.3    176.67
891.5    175.03
891.7    173.06
891.9    170.92
892.1    167.55
892.3    163.54
892.5    159.74
892.7    156.90
892.9    156.73
893.1    159.35
893.3    163.89
893.5    169.27
893.7    174.69
893.9    179.14
894.1    182.06
894.3    184.21
894.5    187.50
894.7    192.45
894.9    196.66
895.1    198.39
895.3    197.64
895.5    194.89
895.7    189.87
895.9    184.30
896.1    177.80
896.3    170.77
896.5    165.67
896.7    163.16
896.9    161.89
897.1    162.06
897.3    162.86
897.5    164.20
897.7    167.48
897.9    172.42
898.1    178.18
898.3    186.71
898.5    197.66
898.7    208.33
898.9    217.13
899.1    224.77
899.3    233.19
899.5    242.21
899.7    247.31
899.9    248.38
900.1    247.73
900.3    247.36
900.5    245.82
900.7    242.62
900.9    238.55
901.1    234.03
901.3    229.29
901.5    224.34
901.7    219.31
901.9    214.29
902.1    209.31
902.3    204.51
902.5    199.55
902.7    194.14
902.9    189.38
903.1    184.16
903.3    179.35
903.5    174.95
903.7    168.91
903.9    161.66
904.1    154.16
904.3    146.46
904.5    139.70
904.7    134.67
904.9    132.57
905.1    134.50
905.3    139.83
905.5    145.62
905.7    148.83
905.9    152.67
906.1    156.98
906.3    163.52
906.5    171.59
906.7    177.36
906.9    181.22
907.1    183.01
907.3    182.00
907.5    178.29
907.7    172.58
907.9    164.71
908.1    154.49
908.3    144.96
908.5    137.35
908.7    131.75
908.9    129.31
909.1    128.64
909.3    128.81
909.5    128.10
909.7    126.31
909.9    124.41
910.1    122.02
910.3    119.25
910.5    117.48
910.7    117.50
910.9    118.81
911.1    121.59
911.3    125.92
911.5    130.00
911.7    131.52
911.9    131.59
912.1    131.60
912.3    132.11
912.5    134.20
912.7    137.79
912.9    141.25
913.1    143.51
913.3    144.42
913.5    144.23
913.7    143.90
913.9    142.42
914.1    138.41
914.3    132.64
914.5    125.93
914.7    120.29
914.9    116.46
915.1    113.62
915.3    111.84
915.5    112.08
915.7    112.18
915.9    111.12
916.1    109.87
916.3    108.89
916.5    107.71
916.7    107.53
916.9    107.15
917.1    106.72
917.3    105.33
917.5    102.51
917.7    100.03
917.9    100.96
918.1    105.37
918.3    113.16
918.5    119.94
918.7    126.25
918.9    131.31
919.1    134.33
919.3    134.44
919.5    129.18
919.7    118.96
919.9    107.05
920.1     95.56
920.3     84.58
920.5     74.87
920.7     63.87
920.9     55.30
921.1     49.24
921.3     45.06
921.5     42.65
921.7     43.85
921.9     48.61
922.1     56.01
922.3     62.90
922.5     66.50
922.7     65.63
922.9     60.27
923.1     53.93
923.3     49.31
923.5     47.97
923.7     48.64
923.9     53.28
924.1     61.07
924.3     68.80
924.5     76.85
924.7     84.73
924.9     94.64
925.1    104.52
925.3    115.05
925.5    124.52
925.7    132.31
925.9    136.66
926.1    137.71
926.3    135.03
926.5    130.16
926.7    122.13
926.9    110.46
927.1    100.72
927.3     92.73
927.5     88.44
927.7     85.00
927.9     81.24
928.1     77.92
928.3     72.96
928.5     66.53
928.7     61.89
928.9     58.84
929.1     58.41
929.3     59.53
929.5     62.07
929.7     63.96
929.9     65.12
930.1     67.02
930.3     71.66
930.5     79.38
930.7     88.13
930.9     98.38
931.1    109.30
931.3    118.35
931.5    122.20
931.7    121.35
931.9    118.48
932.1    115.32
932.3    108.91
932.5     99.69
932.7     87.00
932.9     76.11
933.1     70.06
933.3     65.84
933.5     70.17
933.7     78.25
933.9     80.49
934.1     79.47
934.3     77.78
934.5     77.65
934.7     79.03
934.9     78.66
935.1     73.79
935.3     65.26
935.5     59.01
935.7     57.20
935.9     59.64
936.1     65.29
936.3     79.72
936.5     98.98
936.7    118.66
936.9    141.04
937.1    159.54
937.3    174.91
937.5    187.82
937.7    198.37
937.9    206.29
938.1    211.27
938.3    213.48
938.5    214.13
938.7    211.92
938.9    207.03
939.1    202.84
939.3    197.68
939.5    190.83
939.7    183.95
939.9    177.72
940.1    172.69
940.3    166.74
940.5    160.27
940.7    155.55
940.9    154.03
941.1    154.50
941.3    154.33
941.5    153.23
941.7    150.86
941.9    148.55
942.1    147.22
942.3    148.27
942.5    150.70
942.7    155.52
942.9    160.78
943.1    165.56
943.3    170.64
943.5    177.57
943.7    185.05
943.9    188.71
944.1    188.72
944.3    184.77
944.5    175.96
944.7    164.13
944.9    157.77
945.1    153.83
945.3    146.40
945.5    136.49
945.7    125.21
945.9    114.16
946.1    101.88
946.3     80.60
946.5     63.30
946.7     57.50
946.9     52.18
947.1     47.52
947.3     45.30
947.5     46.00
947.7     52.94
947.9     74.14
948.1    102.16
948.3    120.27
948.5    130.34
948.7    130.63
948.9    122.42
949.1    116.02
949.3    117.56
949.5    124.29
949.7    131.81
949.9    138.36
950.1    143.90
950.3    147.83
950.5    149.81
950.7    151.48
950.9    153.21
951.1    153.53
951.3    153.64
951.5    157.34
951.7    165.20
951.9    167.44
952.1    165.32
952.3    163.26
952.5    163.90
952.7    169.55
952.9    181.30
953.1    195.85
953.3    215.73
953.5    230.49
953.7    242.02
953.9    251.45
954.1    259.96
954.3    269.32
954.5    277.68
954.7    283.39
954.9    287.09
955.1    289.76
955.3    293.90
955.5    296.87
955.7    298.25
955.9    299.76
956.1    299.83
956.3    299.32
956.5    298.33
956.7    297.01
956.9    295.05
957.1    290.91
957.3    285.16
957.5    278.93
957.7    272.02
957.9    263.41
958.1    254.12
958.3    243.95
958.5    238.00
958.7    240.04
958.9    245.21
959.1    251.09
959.3    257.17
959.5    262.74
959.7    267.35
959.9    270.37
960.1    273.17
960.3    275.63
960.5    274.86
960.7    266.29
960.9    247.89
961.1    226.88
961.3    209.18
961.5    195.26
961.7    182.20
961.9    168.89
962.1    156.10
962.3    144.22
962.5    133.65
962.7    124.64
962.9    117.48
963.1    112.50
963.3    109.64
963.5    109.45
963.7    111.92
963.9    119.22
964.1    133.47
964.3    150.11
964.5    165.46
964.7    180.29
964.9    195.29
965.1    209.27
965.3    221.99
965.5    237.94
965.7    257.31
965.9    276.53
966.1    290.74
966.3    300.19
966.5    305.84
966.7    309.43
966.9    312.00
967.1    314.91
967.3    321.23
967.5    328.33
967.7    336.32
967.9    344.03
968.1    351.26
968.3    357.84
968.5    361.98
968.7    363.18
968.9    363.69
969.1    365.22
969.3    365.73
969.5    364.80
969.7    363.94
969.9    362.43
970.1    358.64
970.3    353.33
970.5    347.54
970.7    342.01
970.9    336.73
971.1    332.08
971.3    326.73
971.5    318.98
971.7    309.20
971.9    300.63
972.1    291.55
972.3    280.22
972.5    267.10
972.7    253.11
972.9    236.13
973.1    217.02
973.3    200.20
973.5    188.02
973.7    178.09
973.9    168.56
974.1    158.39
974.3    145.41
974.5    132.49
974.7    126.49
974.9    123.94
975.1    122.47
975.3    122.97
975.5    123.46
975.7    124.85
975.9    127.48
976.1    129.66
976.3    132.23
976.5    135.45
976.7    140.88
976.9    147.11
977.1    152.21
977.3    155.74
977.5    157.33
977.7    158.03
977.9    157.31
978.1    156.01
978.3    154.55
978.5    150.48
978.7    143.64
978.9    134.55
979.1    126.97
979.3    121.76
979.5    120.23
979.7    121.02
979.9    124.64
980.1    131.82
980.3    139.39
980.5    144.64
980.7    148.79
980.9    152.87
981.1    155.98
981.3    158.94
981.5    162.33
981.7    167.62
981.9    171.93
982.1    173.04
982.3    171.44
982.5    167.75
982.7    164.07
982.9    161.68
983.1    160.63
983.3    159.81
983.5    158.69
983.7    157.48
983.9    158.03
984.1    156.46
984.3    154.03
984.5    152.43
984.7    150.89
984.9    149.47
985.1    148.69
985.3    149.81
985.5    151.84
985.7    153.58
985.9    155.84
986.1    158.03
986.3    160.78
986.5    164.23
986.7    167.38
986.9    168.44
987.1    165.30
987.3    157.21
987.5    146.83
987.7    136.15
987.9    126.45
988.1    117.98
988.3    108.43
988.5     99.28
988.7     93.79
988.9     91.34
989.1     92.72
989.3     97.76
989.5    105.43
989.7    114.17
989.9    123.28
990.1    134.97
990.3    149.13
990.5    162.95
990.7    175.36
990.9    185.95
991.1    194.39
991.3    201.61
991.5    207.51
991.7    212.20
991.9    217.10
992.1    222.28
992.3    228.05
992.5    234.11
992.7    239.48
992.9    243.67
993.1    247.59
993.3    253.49
993.5    259.17
993.7    262.93
993.9    266.41
994.1    267.33
994.3    268.71
994.5    270.21
994.7    273.70
994.9    279.84
995.1    285.08
995.3    289.64
995.5    293.07
995.7    295.64
995.9    296.45
996.1    294.92
996.3    291.24
996.5    286.99
996.7    281.25
996.9    273.40
997.1    263.65
997.3    255.07
997.5    247.64
997.7    239.92
997.9    234.14
998.1    235.34
998.3    237.38
998.5    238.16
998.7    239.31
998.9    239.19
999.1    237.54
999.3    235.31
999.5    231.77
999.7    226.70
999.9    224.14
1000.1    223.64
1000.3    220.97
1000.5    215.68
1000.7    210.04
1000.9    206.80
1001.1    207.36
1001.3    209.96
1001.5    211.59
1001.7    216.92
1001.9    223.88
1002.1    228.67
1002.3    232.76
1002.5    235.04
1002.7    235.25
1002.9    236.12
1003.1    238.90
1003.3    242.98
1003.5    247.23
1003.7    252.36
1003.9    256.43
1004.1    259.76
1004.3    265.26
1004.5    270.97
1004.7    278.61
1004.9    289.08
1005.1    301.55
1005.3    316.28
1005.5    327.59
1005.7    335.76
1005.9    341.17
1006.1    345.80
1006.3    348.49
1006.5    349.05
1006.7    349.40
1006.9    348.45
1007.1    348.07
1007.3    348.80
1007.5    349.19
1007.7    349.99
1007.9    350.32
1008.1    349.52
1008.3    347.03
1008.5    342.53
1008.7    335.16
1008.9    325.30
1009.1    312.84
1009.3    301.15
1009.5    290.94
1009.7    279.84
1009.9    271.27
1010.1    267.48
1010.3    264.97
1010.5    263.15
1010.7    261.75
1010.9    263.30
1011.1    269.08
1011.3    276.93
1011.5    284.10
1011.7    289.87
1011.9    295.02
1012.1    299.42
1012.3    302.62
1012.5    305.12
1012.7    306.44
1012.9    304.44
1013.1    302.64
1013.3    304.48
1013.5    305.03
1013.7    303.10
1013.9    302.25
1014.1    305.51
1014.3    312.37
1014.5    317.25
1014.7    321.79
1014.9    326.81
1015.1    333.74
1015.3    341.58
1015.5    348.58
1015.7    354.93
1015.9    360.80
1016.1    367.56
1016.3    375.24
1016.5    381.36
1016.7    389.39
1016.9    397.47
1017.1    405.30
1017.3    411.48
1017.5    415.32
1017.7    417.06
1017.9    419.38
1018.1    418.65
1018.3    415.19
1018.5    412.49
1018.7    410.46
1018.9    406.53
1019.1    405.25
1019.3    410.53
1019.5    416.66
1019.7    421.98
1019.9    429.19
1020.1    438.98
1020.3    448.56
1020.5    457.56
1020.7    465.27
1020.9    472.15
1021.1    477.62
1021.3    482.75
1021.5    486.53
1021.7    487.21
1021.9    488.08
1022.1    488.79
1022.3    488.37
1022.5    489.00
1022.7    488.78
1022.9    489.43
1023.1    490.77
1023.3    489.83
1023.5    486.36
1023.7    484.06
1023.9    481.72
1024.1    478.63
1024.3    475.13
1024.5    472.00
1024.7    467.07
1024.9    460.29
1025.1    454.14
1025.3    445.82
1025.5    438.10
1025.7    430.72
1025.9    425.31
1026.1    423.64
1026.3    422.98
1026.5    424.80
1026.7    431.30
1026.9    443.44
1027.1    458.38
1027.3    471.97
1027.5    483.99
1027.7    495.71
1027.9    505.05
1028.1    511.92
1028.3    517.84
1028.5    523.53
1028.7    528.01
1028.9    530.39
1029.1    530.96
1029.3    530.82
1029.5    530.47
1029.7    528.46
1029.9    524.43
1030.1    518.84
1030.3    512.30
1030.5    505.30
1030.7    500.51
1030.9    496.47
1031.1    491.38
1031.3    486.68
1031.5    484.46
1031.7    482.16
1031.9    480.57
1032.1    480.53
1032.3    482.24
1032.5    486.26
1032.7    490.79
1032.9    494.25
1033.1    496.43
1033.3    496.93
1033.5    497.32
1033.7    498.38
1033.9    501.82
1034.1    506.07
1034.3    510.06
1034.5    513.02
1034.7    515.00
1034.9    515.36
1035.1    514.53
1035.3    512.56
1035.5    509.28
1035.7    503.35
1035.9    495.59
1036.1    486.45
1036.3    476.19
1036.5    465.25
1036.7    454.18
1036.9    445.75
1037.1    437.14
1037.3    428.75
1037.5    421.62
1037.7    414.81
1037.9    410.05
1038.1    407.56
1038.3    405.10
1038.5    405.21
1038.7    406.70
1038.9    411.17
1039.1    417.28
1039.3    423.13
1039.5    428.80
1039.7    433.35
1039.9    438.19
1040.1    442.49
1040.3    447.50
1040.5    452.50
1040.7    456.56
1040.9    458.41
1041.1    458.58
1041.3    458.10
1041.5    456.69
1041.7    452.83
1041.9    446.51
1042.1    439.52
1042.3    431.73
1042.5    424.29
1042.7    417.35
1042.9    411.31
1043.1    405.08
1043.3    399.15
1043.5    393.54
1043.7    389.41
1043.9    385.32
1044.1    380.16
1044.3    379.17
1044.5    379.54
1044.7    379.26
1044.9    377.34
1045.1    373.47
1045.3    369.15
1045.5    365.33
1045.7    363.41
1045.9    363.09
1046.1    365.41
1046.3    365.24
1046.5    363.92
1046.7    360.61
1046.9    360.78
1047.1    362.81
1047.3    368.90
1047.5    378.74
1047.7    387.72
1047.9    395.85
1048.1    401.49
1048.3    405.44
1048.5    408.28
1048.7    409.48
1048.9    413.92
1049.1    419.52
1049.3    424.59
1049.5    429.21
1049.7    434.77
1049.9    442.97
1050.1    450.97
1050.3    455.99
1050.5    457.47
1050.7    458.67
1050.9    462.71
1051.1    466.72
1051.3    469.06
1051.5    469.44
1051.7    466.09
1051.9    460.97
1052.1    454.70
1052.3    449.10
1052.5    443.37
1052.7    437.56
1052.9    431.22
1053.1    426.19
1053.3    421.19
1053.5    415.78
1053.7    410.24
1053.9    407.71
1054.1    405.22
1054.3    402.48
1054.5    399.80
1054.7    398.33
1054.9    396.17
1055.1    393.01
1055.3    390.15
1055.5    388.29
1055.7    385.29
1055.9    380.73
1056.1    375.54
1056.3    370.76
1056.5    367.20
1056.7    362.66
1056.9    356.67
1057.1    351.12
1057.3    347.65
1057.5    342.61
1057.7    335.74
1057.9    328.21
1058.1    321.25
1058.3    313.95
1058.5    305.47
1058.7    296.45
1058.9    289.11
1059.1    284.85
1059.3    284.79
1059.5    288.00
1059.7    290.19
1059.9    292.66
1060.1    297.33
1060.3    303.61
1060.5    311.32
1060.7    319.31
1060.9    328.48
1061.1    337.12
1061.3    344.38
1061.5    350.01
1061.7    352.62
1061.9    355.06
1062.1    357.88
1062.3    358.94
1062.5    356.41
1062.7    354.44
1062.9    355.65
1063.1    358.61
1063.3    358.09
1063.5    354.97
1063.7    349.14
1063.9    339.83
1064.1    328.34
1064.3    316.14
1064.5    301.41
1064.7    285.00
1064.9    264.17
1065.1    241.29
1065.3    218.46
1065.5    199.54
1065.7    182.63
1065.9    172.47
1066.1    169.57
1066.3    169.40
1066.5    171.61
1066.7    176.68
1066.9    179.73
1067.1    179.60
1067.3    178.74
1067.5    177.29
1067.7    176.11
1067.9    173.08
1068.1    171.37
1068.3    172.50
1068.5    175.23
1068.7    181.81
1068.9    188.07
1069.1    190.48
1069.3    187.97
1069.5    185.45
1069.7    183.86
1069.9    180.28
1070.1    179.35
1070.3    180.77
1070.5    183.74
1070.7    187.52
1070.9    187.56
1071.1    183.41
1071.3    174.49
1071.5    163.34
1071.7    154.78
1071.9    149.89
1072.1    148.75
1072.3    150.21
1072.5    154.53
1072.7    163.96
1072.9    177.19
1073.1    187.88
1073.3    191.20
1073.5    188.22
1073.7    183.84
1073.9    183.36
1074.1    186.28
1074.3    188.49
1074.5    186.81
1074.7    181.63
1074.9    178.66
1075.1    176.69
1075.3    173.70
1075.5    170.02
1075.7    167.52
1075.9    165.20
1076.1    162.42
1076.3    160.15
1076.5    163.01
1076.7    173.32
1076.9    179.77
1077.1    178.48
1077.3    174.45
1077.5    173.41
1077.7    176.05
1077.9    183.84
1078.1    190.07
1078.3    192.80
1078.5    199.83
1078.7    205.99
1078.9    209.35
1079.1    210.31
1079.3    207.85
1079.5    200.70
1079.7    191.27
1079.9    174.33
1080.1    160.76
1080.3    153.63
1080.5    147.58
1080.7    144.91
1080.9    142.05
1081.1    138.17
1081.3    137.20
1081.5    138.32
1081.7    138.48
1081.9    138.62
1082.1    139.15
1082.3    138.92
1082.5    137.94
1082.7    135.48
1082.9    129.89
1083.1    122.98
1083.3    114.68
1083.5    104.63
1083.7     98.07
1083.9    100.09
1084.1    106.31
1084.3    120.99
1084.5    137.54
1084.7    149.31
1084.9    155.88
1085.1    157.64
1085.3    162.77
1085.5    170.30
1085.7    176.37
1085.9    187.09
1086.1    197.73
1086.3    203.29
1086.5    204.73
1086.7    202.46
1086.9    199.73
1087.1    196.24
1087.3    191.34
1087.5    187.82
1087.7    185.76
1087.9    184.80
1088.1    183.38
1088.3    180.04
1088.5    175.15
1088.7    168.71
1088.9    161.16
1089.1    156.70
1089.3    160.54
1089.5    170.52
1089.7    187.39
1089.9    209.32
1090.1    228.25
1090.3    248.31
1090.5    267.88
1090.7    281.87
1090.9    292.36
1091.1    299.17
1091.3    299.10
1091.5    293.65
1091.7    285.44
1091.9    275.46
1092.1    271.10
1092.3    268.28
1092.5    261.82
1092.7    252.07
1092.9    240.86
1093.1    232.87
1093.3    233.52
1093.5    236.97
1093.7    242.33
1093.9    247.48
1094.1    250.52
1094.3    251.37
1094.5    248.89
1094.7    243.65
1094.9    237.37
1095.1    231.28
1095.3    223.27
1095.5    211.99
1095.7    200.55
1095.9    196.17
1096.1    201.78
1096.3    207.48
1096.5    216.43
1096.7    229.81
1096.9    241.92
1097.1    247.42
1097.3    254.15
1097.5    261.41
1097.7    262.20
1097.9    253.07
1098.1    237.77
1098.3    231.15
1098.5    234.30
1098.7    240.39
1098.9    244.56
1099.1    245.13
1099.3    247.03
1099.5    250.88
1099.7    254.24
1099.9    260.09
1100.1    264.81
1100.3    265.97
1100.5    263.04
1100.7    255.65
1100.9    243.14
1101.1    226.76
1101.3    211.56
1101.5    199.81
1101.7    194.62
1101.9    191.64
1102.1    188.92
1102.3    184.09
1102.5    178.73
1102.7    170.73
1102.9    164.07
1103.1    168.78
1103.3    172.73
1103.5    174.82
1103.7    179.11
1103.9    183.89
1104.1    186.65
1104.3    190.20
1104.5    195.17
1104.7    200.18
1104.9    202.36
1105.1    205.62
1105.3    213.53
1105.5    220.53
1105.7    223.17
1105.9    222.45
1106.1    229.23
1106.3    239.17
1106.5    247.81
1106.7    251.40
1106.9    249.63
1107.1    242.05
1107.3    230.59
1107.5    211.53
1107.7    181.20
1107.9    150.05
1108.1    132.47
1108.3    123.75
1108.5    120.22
1108.7    117.56
1108.9    116.01
1109.1    114.96
1109.3    113.08
1109.5    110.38
1109.7    105.06
1109.9     95.85
1110.1     83.90
1110.3     77.68
1110.5     82.84
1110.7     90.83
1110.9     95.33
1111.1     95.29
1111.3     95.05
1111.5     96.24
1111.7     94.66
1111.9     91.43
1112.1     90.50
1112.3     97.02
1112.5    107.62
1112.7    118.07
1112.9    128.22
1113.1    131.44
1113.3    126.02
1113.5    115.27
1113.7    106.35
1113.9     99.01
1114.1     93.09
1114.3     85.62
1114.5     75.10
1114.7     61.69
1114.9     50.11
1115.1     57.63
1115.3     72.55
1115.5     84.14
1115.7     91.70
1115.9     94.89
1116.1     93.76
1116.3     87.54
1116.5     77.40
1116.7     70.64
1116.9     70.97
1117.1     78.88
1117.3     84.51
1117.5     88.75
1117.7     90.24
1117.9     87.60
1118.1     87.53
1118.3     90.12
1118.5     90.65
1118.7     89.06
1118.9     86.64
1119.1     84.94
1119.3     81.76
1119.5     73.13
1119.7     55.71
1119.9     33.73
1120.1     18.72
1120.3     13.02
1120.5     11.16
1120.7     10.24
1120.9      9.73
1121.1      9.20
1121.3      8.71
1121.5      8.58
1121.7      8.79
1121.9      9.51
1122.1     11.07
1122.3     13.36
1122.5     16.44
1122.7     22.25
1122.9     31.65
1123.1     38.19
1123.3     40.56
1123.5     39.28
1123.7     33.37
1123.9     26.56
1124.1     19.91
1124.3     17.13
1124.5     16.16
1124.7     15.76
1124.9     15.71
1125.1     15.05
1125.3     12.48
1125.5     11.45
1125.7     13.23
1125.9     17.81
1126.1     27.77
1126.3     36.70
1126.5     44.03
1126.7     50.92
1126.9     57.89
1127.1     65.71
1127.3     76.24
1127.5     91.39
1127.7    105.48
1127.9    114.52
1128.1    117.61
1128.3    112.10
1128.5    101.95
1128.7     95.43
1128.9     89.73
1129.1     85.19
1129.3     82.29
1129.5     81.12
1129.7     80.82
1129.9     81.37
1130.1     82.50
1130.3     83.56
1130.5     84.11
1130.7     84.36
1130.9     84.27
1131.1     83.44
1131.3     82.18
1131.5     80.00
1131.7     77.75
1131.9     75.81
1132.1     74.84
1132.3     74.87
1132.5     75.12
1132.7     74.88
1132.9     73.44
1133.1     70.56
1133.3     69.25
1133.5     69.50
1133.7     72.74
1133.9     77.03
1134.1     81.38
1134.3     86.11
1134.5     90.01
1134.7     91.50
1134.9     90.81
1135.1     89.47
1135.3     86.92
1135.5     83.97
1135.7     79.32
1135.9     72.79
1136.1     68.12
1136.3     65.31
1136.5     62.00
1136.7     59.48
1136.9     55.60
1137.1     50.65
1137.3     45.30
1137.5     39.76
1137.7     35.85
1137.9     32.81
1138.1     31.85
1138.3     35.10
1138.5     43.46
1138.7     52.22
1138.9     57.44
1139.1     62.17
1139.3     64.83
1139.5     71.15
1139.7     80.48
1139.9     84.17
1140.1     87.83
1140.3     91.24
1140.5     93.66
1140.7     94.25
1140.9     94.09
1141.1     93.94
1141.3     93.55
1141.5     92.68
1141.7     91.75
1141.9     91.61
1142.1     92.07
1142.3     92.81
1142.5     93.30
1142.7     93.23
1142.9     92.98
1143.1     93.04
1143.3     91.84
1143.5     89.23
1143.7     87.11
1143.9     86.04
1144.1     85.96
1144.3     85.61
1144.5     84.50
1144.7     82.98
1144.9     80.57
1145.1     78.91
1145.3     78.89
1145.5     78.77
1145.7     79.01
1145.9     79.76
1146.1     81.64
1146.3     84.60
1146.5     88.04
1146.7     90.48
1146.9     91.36
1147.1     90.97
1147.3     89.71
1147.5     88.56
1147.7     85.31
1147.9     78.81
1148.1     75.33
1148.3     74.97
1148.5     74.09
1148.7     72.63
1148.9     72.44
1149.1     72.47
1149.3     72.45
1149.5     72.41
1149.7     72.41
1149.9     72.41
1150.1     72.42
1150.3     72.48
1150.5     72.53
1150.7     72.58
1150.9     72.67
1151.1     72.74
1151.3     72.78
1151.5     72.87
1151.7     72.95
